100
1 4 2
1 7 7
2 5 1
20 7 1
10 10 10
10 20 1
3 8 6
8 7 2
14 19 17
20 10 10
1 6 2
16 6 5
13 7 5
10 20 10
1 6 4
3 5 3
11 4 1
19 5 2
18 2 1
7 9 9
20 20 20
11 11 9
16 12 12
19 4 2
20 17 11
20 20 1
19 18 17
20 20 10
20 1 1
7 14 7
5 9 9
3 20 9
1 6 3
1 6 6
1 5 1
1 7 6
13 4 1
7 12 3
1 16 15
8 16 1
5 15 14
12 1 1
2 20 4
19 11 6
5 17 15
1 20 20
12 6 1
1 20 1
1 10 2
6 16 12
3 11 3
12 16 5
1 7 4
9 19 7
5 14 13
15 4 1
20 3 3
7 1 1
6 6 4
2 5 3
7 11 4
1 7 2
4 18 2
16 4 3
9 11 7
5 3 3
18 11 8
18 14 11
19 14 9
10 19 2
16 20 11
5 6 5
1 6 5
20 10 1
1 7 1
2 12 4
4 19 5
12 7 6
15 17 11
14 7 5
9 5 4
1 7 7
1 7 5
17 19 16
15 13 10
10 20 20
7 20 7
1 6 1
6 3 3
7 16 1
6 5 4
1 20 10
14 2 1
20 18 18
5 1 1
8 16 3
15 19 14
1 7 3
6 3 1
8 7 6
