100
2 2 2
2 1 3
4 4 1
3 2 3
2 4 1
7 14 20
7 7 7
5 15 3
7 5 7
5 20 5
9 9 9
5 2 10
2 4 4
5 4 15
20 10 16
6 3 4
4 3 3
20 20 20
18 12 15
6 18 18
5 2 5
5 3 20
16 8 8
4 1 4
5 3 5
6 9 2
6 10 3
8 4 4
5 3 10
10 10 10
5 10 7
6 4 9
7 14 4
8 16 6
6 12 12
5 5 6
7 6 7
3 3 4
5 20 1
6 18 1
5 20 4
5 10 4
5 10 5
18 3 6
6 6 5
6 6 3
3 1 3
20 17 14
10 10 1
6 3 8
1 1 1
4 4 3
5 15 2
18 6 9
7 14 5
14 7 8
7 4 7
8 7 1
7 1 7
7 3 7
5 4 5
6 4 6
5 5 3
10 5 20
5 20 20
10 15 5
19 19 10
19 19 19
18 15 18
13 16 10
7 2 7
3 2 2
2 3 3
6 5 5
8 8 8
8 10 11
6 4 20
5 6 10
5 4 4
5 5 5
4 3 2
15 10 9
19 19 1
11 11 11
6 3 20
4 2 4
17 4 5
5 2 20
5 7 7
6 6 6
2 1 1
6 20 20
4 4 4
12 12 2
5 10 10
5 3 8
3 4 4
5 5 1
18 9 12
2 1 4
